[
  {
    "gameId": 2691357152,
    "participants": [
      91,
      90,
      64,
      81,
      40,
      68,
      8,
      421,
      18,
      89
    ],
    "spells": [
      [
        4,
        14
      ],
      [
        4,
        7
      ],
      [
        4,
        11
      ],
      [
        7,
        4
      ],
      [
        4,
        14
      ],
      [
        4,
        12
      ],
      [
        4,
        14
      ],
      [
        11,
        4
      ],
      [
        7,
        4
      ],
      [
        4,
        14
      ]
    ],
    "itemsTimeline": [
      [
        [
          2031,
          3147,
          3111,
          1036
        ],
        [
          1056,
          3136,
          3165,
          3158,
          1052
        ],
        [
          2031,
          1408,
          3134,
          3155,
          3117
        ],
        [
          1083,
          3070,
          3057,
          3044,
          1042
        ],
        [
          3098,
          2049,
          1028,
          3114,
          1004
        ],
        [
          1054,
          2031,
          3191,
          3047,
          1028
        ],
        [
          1054,
          3158,
          3152,
          2003
        ],
        [
          2031,
          1400,
          3047,
          1036,
          1028
        ],
        [
          3097,
          1038,
          3086,
          1037
        ],
        [
          2031,
          3117,
          2303
        ]
      ],
      [
        [
          2031,
          3147,
          3111,
          1036
        ],
        [
          1056,
          3136,
          3165,
          3158,
          1052
        ],
        [
          2031,
          1408,
          3134,
          3155,
          3117
        ],
        [
          1083,
          3070,
          3057,
          3044,
          1042
        ],
        [
          3098,
          2049,
          1028,
          3114,
          1004
        ],
        [
          1054,
          2031,
          3191,
          3047,
          1028
        ],
        [
          1054,
          3158,
          3152
        ],
        [
          2031,
          1400,
          3047,
          1036,
          1028
        ],
        [
          3097,
          1038,
          3086,
          1037
        ],
        [
          2031,
          3117,
          2303
        ]
      ],
      [
        [
          2031,
          3147,
          3111,
          1036
        ],
        [
          1056,
          3136,
          3165,
          3158,
          1052
        ],
        [
          2031,
          1408,
          3134,
          3155,
          3117
        ],
        [
          1083,
          3070,
          3057,
          3044,
          1042
        ],
        [
          3098,
          2049,
          1028,
          3114,
          1004
        ],
        [
          1054,
          2031,
          3191,
          3047,
          1028
        ],
        [
          1054,
          3158,
          3152,
          1052
        ],
        [
          2031,
          1400,
          3047,
          1036,
          1028
        ],
        [
          3097,
          1038,
          3086,
          1037
        ],
        [
          2031,
          3117,
          2303
        ]
      ],
      [
        [
          2031,
          3147,
          3111,
          1036
        ],
        [
          1056,
          3136,
          3165,
          3158,
          1052
        ],
        [
          2031,
          1408,
          3134,
          3155,
          3117
        ],
        [
          1083,
          3057,
          3044,
          1042,
          3004
        ],
        [
          3098,
          2049,
          1028,
          3114,
          1004
        ],
        [
          1054,
          2031,
          3191,
          3047,
          1028
        ],
        [
          1054,
          3158,
          3152,
          1052
        ],
        [
          2031,
          1400,
          3047,
          1036,
          1028
        ],
        [
          3097,
          1038,
          3086,
          1037
        ],
        [
          2031,
          3117,
          2303
        ]
      ],
      [
        [
          2031,
          3147,
          3111,
          1036
        ],
        [
          1056,
          3136,
          3165,
          3158,
          1052
        ],
        [
          2031,
          1408,
          3134,
          3155,
          3117
        ],
        [
          1083,
          3057,
          3044,
          1042,
          3004
        ],
        [
          3098,
          2049,
          1028,
          3114,
          1004
        ],
        [
          1054,
          2031,
          3191,
          3047,
          1028
        ],
        [
          1054,
          3158,
          3152,
          1052
        ],
        [
          2031,
          1400,
          3047,
          3044
        ],
        [
          3097,
          1038,
          3086,
          1037
        ],
        [
          2031,
          3117,
          2303
        ]
      ],
      [
        [
          2031,
          3147,
          3111,
          1036
        ],
        [
          1056,
          3136,
          3165,
          3158,
          1052
        ],
        [
          2031,
          1408,
          3134,
          3155,
          3117
        ],
        [
          1083,
          3057,
          3044,
          1042,
          3004,
          3158
        ],
        [
          3098,
          2049,
          1028,
          3114,
          1004
        ],
        [
          1054,
          2031,
          3191,
          3047,
          1028
        ],
        [
          1054,
          3158,
          3152,
          1052
        ],
        [
          2031,
          1400,
          3047,
          3044
        ],
        [
          3097,
          1038,
          3086,
          1037
        ],
        [
          2031,
          3117,
          2303
        ]
      ],
      [
        [
          2031,
          3147,
          3111,
          1036
        ],
        [
          1056,
          3136,
          3165,
          3158,
          1052
        ],
        [
          2031,
          1408,
          3134,
          3155,
          3117
        ],
        [
          1083,
          3057,
          3044,
          1042,
          3004,
          3158
        ],
        [
          3098,
          2049,
          1028,
          3114,
          1004
        ],
        [
          1054,
          2031,
          3191,
          3047,
          1028
        ],
        [
          1054,
          3158,
          3152,
          1052
        ],
        [
          2031,
          1400,
          3047,
          3044
        ],
        [
          3097,
          1038,
          3086,
          1037,
          2015
        ],
        [
          2031,
          3117,
          2303
        ]
      ],
      [
        [
          2031,
          3147,
          3111,
          3134
        ],
        [
          1056,
          3136,
          3165,
          3158,
          1052
        ],
        [
          2031,
          1408,
          3134,
          3155,
          3117
        ],
        [
          1083,
          3057,
          3044,
          1042,
          3004,
          3158
        ],
        [
          3098,
          2049,
          1028,
          3114,
          1004
        ],
        [
          1054,
          2031,
          3191,
          3047,
          1028
        ],
        [
          1054,
          3158,
          3152,
          1052
        ],
        [
          2031,
          1400,
          3047,
          3044
        ],
        [
          3097,
          1038,
          3086,
          1037,
          2015
        ],
        [
          2031,
          3117,
          2303
        ]
      ],
      [
        [
          2031,
          3147,
          3111,
          3134,
          1036
        ],
        [
          1056,
          3136,
          3165,
          3158,
          1052
        ],
        [
          2031,
          1408,
          3134,
          3155,
          3117
        ],
        [
          1083,
          3057,
          3044,
          1042,
          3004,
          3158
        ],
        [
          3098,
          2049,
          1028,
          3114,
          1004
        ],
        [
          1054,
          2031,
          3191,
          3047,
          1028
        ],
        [
          1054,
          3158,
          3152,
          1052
        ],
        [
          2031,
          1400,
          3047,
          3044
        ],
        [
          3097,
          1038,
          3086,
          1037,
          2015
        ],
        [
          2031,
          3117,
          2303
        ]
      ],
      [
        [
          2031,
          3147,
          3111,
          3134,
          1036
        ],
        [
          1056,
          3136,
          3165,
          3158,
          1052
        ],
        [
          2031,
          1408,
          3134,
          3155,
          3117
        ],
        [
          1083,
          3057,
          3044,
          1042,
          3004,
          3158
        ],
        [
          3098,
          2049,
          1028,
          3114,
          1004
        ],
        [
          1054,
          2031,
          3191,
          3047,
          3136
        ],
        [
          1054,
          3158,
          3152,
          1052
        ],
        [
          2031,
          1400,
          3047,
          3044
        ],
        [
          3097,
          1038,
          3086,
          1037,
          2015
        ],
        [
          2031,
          3117,
          2303
        ]
      ],
      [
        [
          2031,
          3147,
          3111,
          3134,
          1036
        ],
        [
          1056,
          3136,
          3165,
          3158
        ],
        [
          2031,
          1408,
          3134,
          3155,
          3117
        ],
        [
          1083,
          3057,
          3044,
          1042,
          3004,
          3158
        ],
        [
          3098,
          2049,
          1028,
          3114,
          1004
        ],
        [
          1054,
          2031,
          3191,
          3047,
          3136
        ],
        [
          1054,
          3158,
          3152,
          1052
        ],
        [
          2031,
          1400,
          3047,
          3044
        ],
        [
          3097,
          1038,
          3086,
          1037,
          2015
        ],
        [
          2031,
          3117,
          2303
        ]
      ],
      [
        [
          2031,
          3147,
          3111,
          3134,
          1036
        ],
        [
          1056,
          3136,
          3165,
          3158
        ],
        [
          2031,
          1408,
          3134,
          3155,
          3117
        ],
        [
          1083,
          3057,
          3044,
          1042,
          3004,
          3158
        ],
        [
          3098,
          2049,
          1028,
          3114,
          1004
        ],
        [
          1054,
          2031,
          3191,
          3047,
          3136
        ],
        [
          1054,
          3158,
          3152,
          1052
        ],
        [
          2031,
          1400,
          3047,
          3044
        ],
        [
          3097,
          1038,
          3086,
          1037,
          2015
        ],
        [
          2031,
          3117,
          2303
        ]
      ],
      [
        [
          2031,
          3147,
          3111,
          3134,
          1036
        ],
        [
          1056,
          3136,
          3165,
          3158
        ],
        [
          2031,
          1408,
          3134,
          3155,
          3117
        ],
        [
          1083,
          3057,
          3044,
          1042,
          3004,
          3158
        ],
        [
          3098,
          2049,
          1028,
          3222
        ],
        [
          1054,
          2031,
          3191,
          3047,
          3136
        ],
        [
          1054,
          3158,
          3152,
          1052
        ],
        [
          2031,
          1400,
          3047,
          3044
        ],
        [
          3097,
          1038,
          3086,
          1037,
          2015
        ],
        [
          2031,
          3117,
          2303
        ]
      ],
      [
        [
          2031,
          3147,
          3111,
          3134,
          1036
        ],
        [
          1056,
          3136,
          3165,
          3158,
          1026
        ],
        [
          2031,
          1408,
          3134,
          3155,
          3117
        ],
        [
          1083,
          3057,
          3044,
          1042,
          3004,
          3158
        ],
        [
          3098,
          2049,
          1028,
          3222
        ],
        [
          1054,
          2031,
          3191,
          3047,
          3136
        ],
        [
          1054,
          3158,
          3152,
          1052
        ],
        [
          2031,
          1400,
          3047,
          3044
        ],
        [
          3097,
          1038,
          3086,
          1037,
          2015
        ],
        [
          2031,
          3117,
          2303
        ]
      ],
      [
        [
          2031,
          3147,
          3111,
          3134,
          1036
        ],
        [
          1056,
          3136,
          3165,
          3158,
          1026
        ],
        [
          2031,
          1408,
          3134,
          3155,
          3117
        ],
        [
          1083,
          3057,
          3044,
          1042,
          3004,
          3158
        ],
        [
          3098,
          2049,
          1028,
          3222,
          1082
        ],
        [
          1054,
          2031,
          3191,
          3047,
          3136
        ],
        [
          1054,
          3158,
          3152,
          1052
        ],
        [
          2031,
          1400,
          3047,
          3044
        ],
        [
          3097,
          1038,
          3086,
          1037,
          2015
        ],
        [
          2031,
          3117,
          2303
        ]
      ],
      [
        [
          2031,
          3147,
          3111,
          3134,
          1036
        ],
        [
          1056,
          3136,
          3165,
          3158,
          1026
        ],
        [
          2031,
          1408,
          3134,
          3155,
          3117
        ],
        [
          1083,
          3057,
          3044,
          1042,
          3004,
          3158
        ],
        [
          3098,
          2049,
          1028,
          3222,
          1082
        ],
        [
          1054,
          2031,
          3191,
          3047,
          3136
        ],
        [
          1054,
          3158,
          3152,
          1052
        ],
        [
          2031,
          1400,
          3047,
          3044
        ],
        [
          3097,
          1038,
          3086,
          1037,
          2015
        ],
        [
          2031,
          3117,
          2303
        ]
      ],
      [
        [
          2031,
          3147,
          3111,
          3134,
          1036
        ],
        [
          1056,
          3136,
          3165,
          3158,
          1026
        ],
        [
          2031,
          1408,
          3134,
          3155,
          3117
        ],
        [
          1083,
          3057,
          3044,
          1042,
          3004,
          3158
        ],
        [
          3098,
          2049,
          1028,
          3222,
          1082
        ],
        [
          1054,
          3191,
          3047,
          3136
        ],
        [
          1054,
          3158,
          3152,
          1052
        ],
        [
          2031,
          1400,
          3047,
          3044
        ],
        [
          3097,
          1038,
          3086,
          1037,
          2015
        ],
        [
          2031,
          3117,
          2303
        ]
      ],
      [
        [
          2031,
          3147,
          3111,
          3134,
          1036
        ],
        [
          1056,
          3136,
          3165,
          3158,
          1026
        ],
        [
          2031,
          1408,
          3134,
          3155,
          3117
        ],
        [
          1083,
          3057,
          3044,
          1042,
          3004,
          3158
        ],
        [
          3098,
          2049,
          1028,
          3222,
          1082
        ],
        [
          1054,
          3191,
          3047,
          3136,
          1052
        ],
        [
          1054,
          3158,
          3152,
          1052
        ],
        [
          2031,
          1400,
          3047,
          3044
        ],
        [
          3097,
          1038,
          3086,
          1037,
          2015
        ],
        [
          2031,
          3117,
          2303
        ]
      ],
      [
        [
          2031,
          3147,
          3111,
          3134,
          1036
        ],
        [
          1056,
          3136,
          3165,
          3158,
          1026
        ],
        [
          2031,
          1408,
          3134,
          3155,
          3117
        ],
        [
          1083,
          3057,
          3044,
          1042,
          3004,
          3158
        ],
        [
          3098,
          2049,
          1028,
          3222,
          1082
        ],
        [
          1054,
          3191,
          3047,
          3136,
          1052
        ],
        [
          1054,
          3158,
          3152,
          1052,
          1026
        ],
        [
          2031,
          1400,
          3047,
          3044
        ],
        [
          3097,
          1038,
          3086,
          1037,
          2015
        ],
        [
          2031,
          3117,
          2303
        ]
      ],
      [
        [
          2031,
          3147,
          3111,
          3134,
          1036
        ],
        [
          1056,
          3136,
          3165,
          3158,
          1026
        ],
        [
          2031,
          1408,
          3134,
          3155,
          3117
        ],
        [
          1083,
          3057,
          3044,
          1042,
          3004,
          3158
        ],
        [
          3098,
          2049,
          1028,
          3222,
          1082
        ],
        [
          1054,
          3191,
          3047,
          3136,
          1052
        ],
        [
          1054,
          3158,
          3152,
          1052,
          1026
        ],
        [
          2031,
          1400,
          3047,
          3044,
          1028
        ],
        [
          3097,
          1038,
          3086,
          1037,
          2015
        ],
        [
          2031,
          3117,
          2303
        ]
      ],
      [
        [
          2031,
          3147,
          3111,
          3134,
          1036
        ],
        [
          1056,
          3136,
          3165,
          3158,
          1026
        ],
        [
          2031,
          1408,
          3134,
          3155,
          3117
        ],
        [
          1083,
          3057,
          3044,
          1042,
          3004,
          3158
        ],
        [
          3098,
          2049,
          1028,
          3222,
          1082
        ],
        [
          1054,
          3191,
          3047,
          3136,
          1052
        ],
        [
          1054,
          3158,
          3152,
          1052,
          1026
        ],
        [
          2031,
          1400,
          3047,
          3044,
          1028
        ],
        [
          3097,
          1038,
          3086,
          1037,
          2015
        ],
        [
          2031,
          3117,
          2303,
          1029
        ]
      ],
      [
        [
          2031,
          3147,
          3111,
          3134,
          1036
        ],
        [
          1056,
          3136,
          3165,
          3158,
          1026
        ],
        [
          2031,
          1408,
          3134,
          3155,
          3117
        ],
        [
          1083,
          3057,
          3044,
          1042,
          3004,
          3158
        ],
        [
          3098,
          2049,
          1028,
          3222,
          1082
        ],
        [
          1054,
          3191,
          3047,
          3136,
          1052
        ],
        [
          1054,
          3158,
          3152,
          1052,
          1026
        ],
        [
          2031,
          1400,
          3047,
          3044,
          1028
        ],
        [
          3097,
          1038,
          3086,
          1037,
          2015
        ],
        [
          2031,
          3117,
          2303,
          1029,
          1033
        ]
      ],
      [
        [
          2031,
          3147,
          3111,
          3142
        ],
        [
          1056,
          3136,
          3165,
          3158,
          1026
        ],
        [
          2031,
          1408,
          3134,
          3155,
          3117
        ],
        [
          1083,
          3057,
          3044,
          1042,
          3004,
          3158
        ],
        [
          3098,
          2049,
          1028,
          3222,
          1082
        ],
        [
          1054,
          3191,
          3047,
          3136,
          1052
        ],
        [
          1054,
          3158,
          3152,
          1052,
          1026
        ],
        [
          2031,
          1400,
          3047,
          3044,
          1028
        ],
        [
          3097,
          1038,
          3086,
          1037,
          2015
        ],
        [
          2031,
          3117,
          2303,
          1029,
          1033
        ]
      ],
      [
        [
          2031,
          3147,
          3111,
          3142
        ],
        [
          1056,
          3136,
          3165,
          3158,
          1026
        ],
        [
          2031,
          1408,
          3134,
          3155,
          3117
        ],
        [
          1083,
          3057,
          3044,
          1042,
          3158,
          3042
        ],
        [
          3098,
          2049,
          1028,
          3222,
          1082
        ],
        [
          1054,
          3191,
          3047,
          3136,
          1052
        ],
        [
          1054,
          3158,
          3152,
          1052,
          1026
        ],
        [
          2031,
          1400,
          3047,
          3044,
          1028
        ],
        [
          3097,
          1038,
          3086,
          1037,
          2015
        ],
        [
          2031,
          3117,
          2303,
          1029,
          1033
        ]
      ],
      [
        [
          2031,
          3147,
          3111,
          3142
        ],
        [
          1056,
          3136,
          3165,
          3158,
          1026
        ],
        [
          2031,
          1408,
          3134,
          3155,
          3117
        ],
        [
          1083,
          3158,
          3042,
          3078
        ],
        [
          3098,
          2049,
          1028,
          3222,
          1082
        ],
        [
          1054,
          3191,
          3047,
          3136,
          1052
        ],
        [
          1054,
          3158,
          3152,
          1052,
          1026
        ],
        [
          2031,
          1400,
          3047,
          3044,
          1028
        ],
        [
          3097,
          1038,
          3086,
          1037,
          2015
        ],
        [
          2031,
          3117,
          2303,
          1029,
          1033
        ]
      ],
      [
        [
          2031,
          3147,
          3111,
          3142
        ],
        [
          1056,
          3136,
          3165,
          3158,
          1026
        ],
        [
          2031,
          1408,
          3134,
          3155,
          3117
        ],
        [
          1083,
          3158,
          3042,
          3078,
          1053
        ],
        [
          3098,
          2049,
          1028,
          3222,
          1082
        ],
        [
          1054,
          3191,
          3047,
          3136,
          1052
        ],
        [
          1054,
          3158,
          3152,
          1052,
          1026
        ],
        [
          2031,
          1400,
          3047,
          3044,
          1028
        ],
        [
          3097,
          1038,
          3086,
          1037,
          2015
        ],
        [
          2031,
          3117,
          2303,
          1029,
          1033
        ]
      ],
      [
        [
          2031,
          3147,
          3111,
          3142
        ],
        [
          1056,
          3136,
          3165,
          3158,
          1026
        ],
        [
          2031,
          1408,
          3134,
          3155,
          3117
        ],
        [
          1083,
          3158,
          3042,
          3078,
          1053,
          1036
        ],
        [
          3098,
          2049,
          1028,
          3222,
          1082
        ],
        [
          1054,
          3191,
          3047,
          3136,
          1052
        ],
        [
          1054,
          3158,
          3152,
          1052,
          1026
        ],
        [
          2031,
          1400,
          3047,
          3044,
          1028
        ],
        [
          3097,
          1038,
          3086,
          1037,
          2015
        ],
        [
          2031,
          3117,
          2303,
          1029,
          1033
        ]
      ],
      [
        [
          2031,
          3147,
          3111,
          3142,
          1036
        ],
        [
          1056,
          3136,
          3165,
          3158,
          1026
        ],
        [
          2031,
          1408,
          3134,
          3155,
          3117
        ],
        [
          1083,
          3158,
          3042,
          3078,
          1053,
          1036
        ],
        [
          3098,
          2049,
          1028,
          3222,
          1082
        ],
        [
          1054,
          3191,
          3047,
          3136,
          1052
        ],
        [
          1054,
          3158,
          3152,
          1052,
          1026
        ],
        [
          2031,
          1400,
          3047,
          3044,
          1028
        ],
        [
          3097,
          1038,
          3086,
          1037,
          2015
        ],
        [
          2031,
          3117,
          2303,
          1029,
          1033
        ]
      ],
      [
        [
          2031,
          3147,
          3111,
          3142,
          1036,
          1028
        ],
        [
          1056,
          3136,
          3165,
          3158,
          1026
        ],
        [
          2031,
          1408,
          3134,
          3155,
          3117
        ],
        [
          1083,
          3158,
          3042,
          3078,
          1053,
          1036
        ],
        [
          3098,
          2049,
          1028,
          3222,
          1082
        ],
        [
          1054,
          3191,
          3047,
          3136,
          1052
        ],
        [
          1054,
          3158,
          3152,
          1052,
          1026
        ],
        [
          2031,
          1400,
          3047,
          3044,
          1028
        ],
        [
          3097,
          1038,
          3086,
          1037,
          2015
        ],
        [
          2031,
          3117,
          2303,
          1029,
          1033
        ]
      ],
      [
        [
          2031,
          3147,
          3111,
          3142,
          1036,
          1028
        ],
        [
          1056,
          3136,
          3165,
          3158,
          3116
        ],
        [
          2031,
          1408,
          3134,
          3155,
          3117
        ],
        [
          1083,
          3158,
          3042,
          3078,
          1053,
          1036
        ],
        [
          3098,
          2049,
          1028,
          3222,
          1082
        ],
        [
          1054,
          3191,
          3047,
          3136,
          1052
        ],
        [
          1054,
          3158,
          3152,
          1052,
          1026
        ],
        [
          2031,
          1400,
          3047,
          3044,
          1028
        ],
        [
          3097,
          1038,
          3086,
          1037,
          2015
        ],
        [
          2031,
          3117,
          2303,
          1029,
          1033
        ]
      ],
      [
        [
          2031,
          3147,
          3111,
          3142,
          1036,
          1028
        ],
        [
          1056,
          3136,
          3165,
          3158,
          3116
        ],
        [
          2031,
          1408,
          3134,
          3155,
          3117
        ],
        [
          1083,
          3158,
          3042,
          3078,
          1053,
          1036
        ],
        [
          3098,
          2049,
          1028,
          3222,
          1082
        ],
        [
          1054,
          3191,
          3047,
          3136,
          1052
        ],
        [
          1054,
          3158,
          3152,
          1052,
          1026
        ],
        [
          2031,
          1400,
          3047,
          3044,
          1028
        ],
        [
          3097,
          1038,
          1037,
          3087
        ],
        [
          2031,
          3117,
          2303,
          1029,
          1033
        ]
      ],
      [
        [
          2031,
          3147,
          3111,
          3142,
          1036,
          1028
        ],
        [
          1056,
          3136,
          3165,
          3158,
          3116
        ],
        [
          2031,
          1408,
          3134,
          3155,
          3117
        ],
        [
          1083,
          3158,
          3042,
          3078,
          1053,
          1036
        ],
        [
          3098,
          2049,
          1028,
          3222,
          1082
        ],
        [
          1054,
          3191,
          3047,
          3136,
          1052
        ],
        [
          1054,
          3158,
          3152,
          1052,
          1026
        ],
        [
          2031,
          1400,
          3047,
          3044,
          3067
        ],
        [
          3097,
          1038,
          1037,
          3087
        ],
        [
          2031,
          3117,
          2303,
          1029,
          1033
        ]
      ],
      [
        [
          2031,
          3147,
          3111,
          3142,
          1036,
          1028
        ],
        [
          1056,
          3136,
          3165,
          3158,
          3116,
          1026
        ],
        [
          2031,
          1408,
          3134,
          3155,
          3117
        ],
        [
          1083,
          3158,
          3042,
          3078,
          1053,
          1036
        ],
        [
          3098,
          2049,
          1028,
          3222,
          1082
        ],
        [
          1054,
          3191,
          3047,
          3136,
          1052
        ],
        [
          1054,
          3158,
          3152,
          1052,
          1026
        ],
        [
          2031,
          1400,
          3047,
          3044,
          3067
        ],
        [
          3097,
          1038,
          1037,
          3087
        ],
        [
          2031,
          3117,
          2303,
          1029,
          1033
        ]
      ],
      [
        [
          2031,
          3147,
          3111,
          3142,
          1036,
          1028
        ],
        [
          1056,
          3136,
          3165,
          3158,
          3116,
          1026
        ],
        [
          2031,
          1408,
          3134,
          3155,
          3117
        ],
        [
          1083,
          3158,
          3042,
          3078,
          1053,
          1036
        ],
        [
          3098,
          2049,
          1028,
          3222,
          1082
        ],
        [
          1054,
          3191,
          3047,
          3136,
          1052
        ],
        [
          1054,
          3158,
          3152,
          1052,
          1026
        ],
        [
          2031,
          1400,
          3047,
          3044,
          3067
        ],
        [
          3097,
          1038,
          1037,
          3087
        ],
        [
          2031,
          3117,
          2303,
          3105
        ]
      ],
      [
        [
          2031,
          3147,
          3111,
          3142,
          1036,
          1028
        ],
        [
          1056,
          3136,
          3165,
          3158,
          3116,
          1026
        ],
        [
          2031,
          1408,
          3134,
          3155,
          3117
        ],
        [
          1083,
          3158,
          3042,
          3078,
          1053,
          1036
        ],
        [
          3098,
          2049,
          1028,
          3222,
          1082
        ],
        [
          1054,
          3191,
          3047,
          3136,
          3108
        ],
        [
          1054,
          3158,
          3152,
          1052,
          1026
        ],
        [
          2031,
          1400,
          3047,
          3044,
          3067
        ],
        [
          3097,
          1038,
          1037,
          3087
        ],
        [
          2031,
          3117,
          2303,
          3105
        ]
      ],
      [
        [
          2031,
          3147,
          3111,
          3142,
          1036,
          1028
        ],
        [
          1056,
          3136,
          3165,
          3158,
          3116,
          1026
        ],
        [
          2031,
          1408,
          3134,
          3155,
          3117
        ],
        [
          1083,
          3158,
          3042,
          3078,
          1053,
          1036
        ],
        [
          3098,
          2049,
          1028,
          3222,
          1082
        ],
        [
          1054,
          3191,
          3047,
          3136,
          3108
        ],
        [
          1054,
          3158,
          3152,
          3116
        ],
        [
          2031,
          1400,
          3047,
          3044,
          3067
        ],
        [
          3097,
          1038,
          1037,
          3087
        ],
        [
          2031,
          3117,
          2303,
          3105
        ]
      ],
      [
        [
          2031,
          3147,
          3111,
          3142,
          1036,
          1028
        ],
        [
          1056,
          3136,
          3165,
          3158,
          3116,
          1026
        ],
        [
          2031,
          1408,
          3134,
          3155,
          3117
        ],
        [
          1083,
          3158,
          3042,
          3078,
          3144
        ],
        [
          3098,
          2049,
          1028,
          3222,
          1082
        ],
        [
          1054,
          3191,
          3047,
          3136,
          3108
        ],
        [
          1054,
          3158,
          3152,
          3116
        ],
        [
          2031,
          1400,
          3047,
          3044,
          3067
        ],
        [
          3097,
          1038,
          1037,
          3087
        ],
        [
          2031,
          3117,
          2303,
          3105
        ]
      ],
      [
        [
          2031,
          3147,
          3111,
          3142,
          1036,
          1028
        ],
        [
          1056,
          3136,
          3165,
          3158,
          3116,
          1026
        ],
        [
          2031,
          1408,
          3134,
          3155,
          3117
        ],
        [
          1083,
          3158,
          3042,
          3078,
          3144,
          1043
        ],
        [
          3098,
          2049,
          1028,
          3222,
          1082
        ],
        [
          1054,
          3191,
          3047,
          3136,
          3108
        ],
        [
          1054,
          3158,
          3152,
          3116
        ],
        [
          2031,
          1400,
          3047,
          3044,
          3067
        ],
        [
          3097,
          1038,
          1037,
          3087
        ],
        [
          2031,
          3117,
          2303,
          3105
        ]
      ],
      [
        [
          2031,
          3147,
          3111,
          3142,
          1036,
          1028
        ],
        [
          1056,
          3136,
          3165,
          3158,
          3116,
          1026
        ],
        [
          2031,
          1408,
          3134,
          3155,
          3117
        ],
        [
          1083,
          3158,
          3042,
          3078,
          3144,
          1043
        ],
        [
          3098,
          2049,
          3222,
          1082,
          3107
        ],
        [
          1054,
          3191,
          3047,
          3136,
          3108
        ],
        [
          1054,
          3158,
          3152,
          3116
        ],
        [
          2031,
          1400,
          3047,
          3044,
          3067
        ],
        [
          3097,
          1038,
          1037,
          3087
        ],
        [
          2031,
          3117,
          2303,
          3105
        ]
      ],
      [
        [
          2031,
          3147,
          3111,
          3142,
          1036,
          1028
        ],
        [
          1056,
          3136,
          3165,
          3158,
          3116,
          1026
        ],
        [
          2031,
          1408,
          3134,
          3155,
          3117
        ],
        [
          1083,
          3158,
          3042,
          3078,
          3144,
          1043
        ],
        [
          3098,
          2049,
          3222,
          1082,
          3107,
          3158
        ],
        [
          1054,
          3191,
          3047,
          3136,
          3108
        ],
        [
          1054,
          3158,
          3152,
          3116
        ],
        [
          2031,
          1400,
          3047,
          3044,
          3067
        ],
        [
          3097,
          1038,
          1037,
          3087
        ],
        [
          2031,
          3117,
          2303,
          3105
        ]
      ],
      [
        [
          2031,
          3147,
          3111,
          3142,
          1028
        ],
        [
          1056,
          3136,
          3165,
          3158,
          3116,
          1026
        ],
        [
          2031,
          1408,
          3134,
          3155,
          3117
        ],
        [
          1083,
          3158,
          3042,
          3078,
          3144,
          1043
        ],
        [
          3098,
          2049,
          3222,
          1082,
          3107,
          3158
        ],
        [
          1054,
          3191,
          3047,
          3136,
          3108
        ],
        [
          1054,
          3158,
          3152,
          3116
        ],
        [
          2031,
          1400,
          3047,
          3044,
          3067
        ],
        [
          3097,
          1038,
          1037,
          3087
        ],
        [
          2031,
          3117,
          2303,
          3105
        ]
      ],
      [
        [
          2031,
          3147,
          3111,
          3142,
          1028
        ],
        [
          1056,
          3136,
          3165,
          3158,
          3116,
          1026
        ],
        [
          2031,
          1408,
          3134,
          3155,
          3117
        ],
        [
          1083,
          3158,
          3042,
          3078,
          3144,
          1043
        ],
        [
          3098,
          2049,
          3222,
          1082,
          3107,
          3158
        ],
        [
          1054,
          3191,
          3047,
          3136,
          3108
        ],
        [
          1054,
          3158,
          3152,
          3116
        ],
        [
          2031,
          1400,
          3047,
          3044,
          3067
        ],
        [
          3097,
          1038,
          1037,
          3087,
          1018
        ],
        [
          2031,
          3117,
          2303,
          3105
        ]
      ],
      [
        [
          2031,
          3147,
          3111,
          3142,
          1028,
          3134
        ],
        [
          1056,
          3136,
          3165,
          3158,
          3116,
          1026
        ],
        [
          2031,
          1408,
          3134,
          3155,
          3117
        ],
        [
          1083,
          3158,
          3042,
          3078,
          3144,
          1043
        ],
        [
          3098,
          2049,
          3222,
          1082,
          3107,
          3158
        ],
        [
          1054,
          3191,
          3047,
          3136,
          3108
        ],
        [
          1054,
          3158,
          3152,
          3116
        ],
        [
          2031,
          1400,
          3047,
          3044,
          3067
        ],
        [
          3097,
          1038,
          1037,
          3087,
          1018
        ],
        [
          2031,
          3117,
          2303,
          3105
        ]
      ],
      [
        [
          2031,
          3147,
          3111,
          3142,
          1028,
          3134
        ],
        [
          1056,
          3136,
          3165,
          3158,
          3116,
          1026
        ],
        [
          2031,
          1408,
          3134,
          3155,
          3117
        ],
        [
          1083,
          3158,
          3042,
          3078,
          3144,
          1043
        ],
        [
          3098,
          2049,
          3222,
          1082,
          3107,
          3158
        ],
        [
          1054,
          3191,
          3047,
          3136,
          3108
        ],
        [
          1054,
          3158,
          3152,
          3116
        ],
        [
          2031,
          1400,
          3047,
          3071
        ],
        [
          3097,
          1038,
          1037,
          3087,
          1018
        ],
        [
          2031,
          3117,
          2303,
          3105
        ]
      ],
      [
        [
          2031,
          3147,
          3111,
          3142,
          1028,
          3134
        ],
        [
          1056,
          3136,
          3165,
          3158,
          3116,
          1026
        ],
        [
          2031,
          1408,
          3134,
          3155,
          3117
        ],
        [
          1083,
          3158,
          3042,
          3078,
          3144,
          1043
        ],
        [
          3098,
          2049,
          3222,
          1082,
          3107,
          3158
        ],
        [
          1054,
          3047,
          3136,
          3157
        ],
        [
          1054,
          3158,
          3152,
          3116
        ],
        [
          2031,
          1400,
          3047,
          3071
        ],
        [
          3097,
          1038,
          1037,
          3087,
          1018
        ],
        [
          2031,
          3117,
          2303,
          3105
        ]
      ],
      [
        [
          2031,
          3147,
          3111,
          3142,
          1028,
          3134
        ],
        [
          1056,
          3136,
          3165,
          3158,
          3116,
          1026
        ],
        [
          2031,
          1408,
          3134,
          3155,
          3117
        ],
        [
          1083,
          3158,
          3042,
          3078,
          3144,
          1043
        ],
        [
          3098,
          2049,
          3222,
          1082,
          3107,
          3158
        ],
        [
          1054,
          3047,
          3136,
          3157
        ],
        [
          1054,
          3158,
          3152,
          3116
        ],
        [
          2031,
          1400,
          3047,
          3071
        ],
        [
          3097,
          1038,
          1037,
          3087,
          1018
        ],
        [
          2031,
          3117,
          2303,
          3190
        ]
      ],
      [
        [
          2031,
          3147,
          3111,
          3142,
          1028,
          3134
        ],
        [
          1056,
          3136,
          3165,
          3158,
          3116,
          1026
        ],
        [
          2031,
          1408,
          3134,
          3155,
          3117
        ],
        [
          1083,
          3158,
          3042,
          3078,
          3144,
          1043
        ],
        [
          3098,
          2049,
          3222,
          1082,
          3107,
          3158
        ],
        [
          1054,
          3047,
          3136,
          3157,
          1052
        ],
        [
          1054,
          3158,
          3152,
          3116
        ],
        [
          2031,
          1400,
          3047,
          3071
        ],
        [
          3097,
          1038,
          1037,
          3087,
          1018
        ],
        [
          2031,
          3117,
          2303,
          3190
        ]
      ],
      [
        [
          2031,
          3147,
          3111,
          3142,
          1028,
          3134
        ],
        [
          1056,
          3136,
          3165,
          3158,
          3116,
          1026
        ],
        [
          2031,
          1408,
          3134,
          3155,
          3117
        ],
        [
          1083,
          3158,
          3042,
          3078,
          3144,
          1043
        ],
        [
          3098,
          2049,
          3222,
          1082,
          3107,
          3158
        ],
        [
          1054,
          3047,
          3136,
          3157,
          1052
        ],
        [
          1054,
          3158,
          3152,
          3116,
          1052
        ],
        [
          2031,
          1400,
          3047,
          3071
        ],
        [
          3097,
          1038,
          1037,
          3087,
          1018
        ],
        [
          2031,
          3117,
          2303,
          3190
        ]
      ],
      [
        [
          2031,
          3147,
          3111,
          3142,
          1028,
          3134
        ],
        [
          1056,
          3136,
          3165,
          3158,
          3116,
          1026
        ],
        [
          2031,
          1408,
          3134,
          3155,
          3117
        ],
        [
          1083,
          3158,
          3042,
          3078,
          3144,
          1043
        ],
        [
          3098,
          2049,
          3222,
          1082,
          3107,
          3158
        ],
        [
          1054,
          3047,
          3136,
          3157,
          1052
        ],
        [
          1054,
          3158,
          3152,
          3116,
          1052
        ],
        [
          2031,
          1400,
          3047,
          3071
        ],
        [
          3097,
          3087,
          3031
        ],
        [
          2031,
          3117,
          2303,
          3190
        ]
      ],
      [
        [
          2031,
          3147,
          3111,
          3142,
          1028,
          3134
        ],
        [
          1056,
          3136,
          3165,
          3158,
          3116,
          1026
        ],
        [
          2031,
          1408,
          3134,
          3155,
          3117
        ],
        [
          1083,
          3158,
          3042,
          3078,
          3144,
          1043
        ],
        [
          3098,
          2049,
          3222,
          1082,
          3107,
          3158
        ],
        [
          1054,
          3047,
          3136,
          3157,
          1052
        ],
        [
          1054,
          3158,
          3152,
          3116,
          1052
        ],
        [
          2031,
          1400,
          3047,
          3071
        ],
        [
          3097,
          3087,
          3031,
          1001
        ],
        [
          2031,
          3117,
          2303,
          3190
        ]
      ]
    ]
  }
]
