[
  {
    "gameId": 2713628122,
    "winningTeamNextItems": [
      [
        1036,
        1055,
        1039,
        2003,
        3303
      ],
      [
        1036,
        1055,
        1039,
        1055,
        3303
      ],
      [
        1036,
        1055,
        1039,
        1037,
        3303
      ],
      [
        1036,
        1055,
        1039,
        1037,
        3303
      ],
      [
        1036,
        1055,
        1039,
        1037,
        3303
      ],
      [
        1036,
        1055,
        1039,
        1037,
        3303
      ],
      [
        1036,
        1055,
        1039,
        1037,
        3303
      ],
      [
        1036,
        2003,
        1039,
        1037,
        3303
      ],
      [
        1036,
        1042,
        1039,
        1037,
        3303
      ],
      [
        1036,
        1042,
        1039,
        1037,
        2003
      ],
      [
        1036,
        1042,
        1039,
        1037,
        3098
      ],
      [
        1036,
        1042,
        1039,
        1037,
        3098
      ],
      [
        1036,
        1042,
        1039,
        1037,
        3098
      ],
      [
        1036,
        1042,
        1039,
        1037,
        3098
      ],
      [
        1036,
        1042,
        1039,
        1037,
        3098
      ],
      [
        1036,
        1042,
        2031,
        1037,
        3098
      ],
      [
        1036,
        1042,
        3751,
        1037,
        3098
      ],
      [
        1036,
        1042,
        3751,
        1037,
        3098
      ],
      [
        1036,
        1042,
        3751,
        1037,
        3098
      ],
      [
        1036,
        1042,
        3751,
        1037,
        3098
      ],
      [
        1036,
        1042,
        3751,
        1037,
        3098
      ],
      [
        1036,
        1042,
        3751,
        1037,
        3098
      ],
      [
        1036,
        1042,
        3751,
        1037,
        3098
      ],
      [
        1036,
        1042,
        3751,
        1037,
        3098
      ],
      [
        1036,
        1042,
        3751,
        1037,
        3098
      ],
      [
        1036,
        1042,
        3751,
        1037,
        3098
      ],
      [
        1036,
        1042,
        3751,
        1037,
        3098
      ],
      [
        1036,
        1042,
        3751,
        1037,
        3098
      ],
      [
        1036,
        1042,
        3751,
        1037,
        3098
      ],
      [
        1036,
        1042,
        3751,
        1037,
        3098
      ],
      [
        1036,
        1042,
        3751,
        1037,
        3098
      ],
      [
        1036,
        1042,
        3751,
        1037,
        3098
      ],
      [
        1036,
        1042,
        3751,
        1037,
        3098
      ],
      [
        1036,
        1042,
        3751,
        1037,
        3098
      ],
      [
        1036,
        1042,
        3751,
        1037,
        3098
      ],
      [
        1036,
        1042,
        1401,
        1037,
        3098
      ],
      [
        1036,
        1042,
        1401,
        1037,
        3098
      ],
      [
        1036,
        1042,
        1401,
        1037,
        3098
      ],
      [
        1036,
        1042,
        1401,
        1037,
        3098
      ],
      [
        1036,
        1042,
        1401,
        1037,
        3098
      ],
      [
        1036,
        1042,
        1401,
        1037,
        3098
      ],
      [
        1036,
        1042,
        1401,
        1037,
        3098
      ],
      [
        1036,
        1042,
        1401,
        1037,
        3098
      ],
      [
        1036,
        1042,
        1401,
        1037,
        3098
      ],
      [
        1036,
        1042,
        1401,
        1037,
        3098
      ],
      [
        1036,
        2003,
        1401,
        1037,
        3098
      ],
      [
        1036,
        2003,
        1401,
        1037,
        3098
      ],
      [
        1036,
        1051,
        1401,
        1037,
        3098
      ],
      [
        1036,
        1051,
        1401,
        1037,
        3098
      ],
      [
        1036,
        1051,
        1401,
        2003,
        3098
      ],
      [
        1036,
        1051,
        1401,
        2003,
        2031
      ],
      [
        1036,
        1051,
        1401,
        1042,
        2031
      ],
      [
        1036,
        1051,
        1401,
        1042,
        1001
      ],
      [
        1036,
        1051,
        1401,
        1042,
        1001
      ],
      [
        1036,
        1051,
        1401,
        1042,
        1001
      ],
      [
        3134,
        1051,
        1401,
        1042,
        1001
      ],
      [
        3134,
        1051,
        1401,
        1042,
        1001
      ],
      [
        3134,
        1051,
        1401,
        1042,
        1001
      ],
      [
        3134,
        1051,
        1401,
        1042,
        1001
      ],
      [
        3134,
        1051,
        1401,
        1042,
        1001
      ],
      [
        3134,
        1051,
        1401,
        1042,
        1001
      ],
      [
        3134,
        1051,
        1401,
        1042,
        1001
      ],
      [
        3134,
        1051,
        1401,
        1042,
        1001
      ],
      [
        3134,
        1051,
        1401,
        1042,
        1001
      ],
      [
        3134,
        1051,
        1401,
        1042,
        1001
      ],
      [
        3134,
        1051,
        1401,
        1042,
        1001
      ],
      [
        3134,
        1051,
        1401,
        1042,
        1001
      ],
      [
        3134,
        1051,
        1401,
        1042,
        1001
      ],
      [
        3134,
        2003,
        1401,
        1042,
        1001
      ],
      [
        3134,
        2003,
        1401,
        1042,
        1001
      ],
      [
        3134,
        3086,
        1401,
        1042,
        1001
      ],
      [
        3134,
        3086,
        1401,
        1042,
        1001
      ],
      [
        3134,
        3086,
        1401,
        1042,
        1001
      ],
      [
        3134,
        3086,
        1401,
        1042,
        1001
      ],
      [
        3134,
        3086,
        1401,
        1042,
        1001
      ],
      [
        3134,
        3086,
        1401,
        1042,
        1001
      ],
      [
        3134,
        3086,
        1001,
        1042,
        1001
      ],
      [
        3134,
        3086,
        1001,
        1042,
        1001
      ],
      [
        3134,
        3086,
        1001,
        1042,
        1001
      ],
      [
        3134,
        3086,
        1001,
        1042,
        1001
      ],
      [
        3134,
        3086,
        1001,
        1042,
        1001
      ],
      [
        3134,
        3086,
        1001,
        1042,
        1052
      ],
      [
        3134,
        3086,
        1001,
        1042,
        3117
      ],
      [
        3134,
        3086,
        1001,
        2031,
        3117
      ],
      [
        3134,
        3086,
        1001,
        1001,
        3117
      ],
      [
        3134,
        3086,
        1001,
        1001,
        3117
      ],
      [
        3134,
        3086,
        1001,
        1001,
        3117
      ],
      [
        3134,
        3086,
        1001,
        1001,
        3117
      ],
      [
        3134,
        3086,
        1001,
        1001,
        3117
      ],
      [
        3134,
        3086,
        1001,
        1001,
        3117
      ],
      [
        3134,
        3086,
        1001,
        1001,
        3117
      ],
      [
        3134,
        3086,
        1001,
        1043,
        3117
      ],
      [
        3133,
        3086,
        1001,
        1043,
        3117
      ],
      [
        3142,
        3086,
        1001,
        1043,
        3117
      ],
      [
        3142,
        3046,
        1001,
        1043,
        3117
      ],
      [
        3142,
        3046,
        1001,
        1043,
        3117
      ],
      [
        3142,
        3046,
        1001,
        1043,
        3117
      ],
      [
        3142,
        3046,
        1001,
        1043,
        3117
      ],
      [
        3142,
        3046,
        1001,
        1043,
        3113
      ],
      [
        3142,
        3046,
        1001,
        1043,
        3114
      ],
      [
        3142,
        3046,
        1011,
        1043,
        3114
      ],
      [
        3142,
        3046,
        1011,
        1043,
        3504
      ],
      [
        3142,
        3046,
        1011,
        3124,
        3504
      ],
      [
        3142,
        3046,
        1028,
        3124,
        3504
      ],
      [
        3142,
        3046,
        3083,
        3124,
        3504
      ],
      [
        3142,
        3046,
        3083,
        3124,
        3504
      ],
      [
        3142,
        3046,
        3083,
        3124,
        3504
      ],
      [
        3142,
        3046,
        3083,
        3124,
        3504
      ],
      [
        3142,
        1001,
        3083,
        3124,
        3504
      ],
      [
        3142,
        1038,
        3083,
        3124,
        3504
      ],
      [
        3142,
        1038,
        3083,
        3124,
        3504
      ],
      [
        3142,
        1038,
        3083,
        3124,
        3504
      ],
      [
        1001,
        1038,
        3083,
        3124,
        3504
      ],
      [
        3047,
        1038,
        3083,
        3124,
        3504
      ],
      [
        3047,
        1038,
        3083,
        3124,
        3504
      ],
      [
        3047,
        1038,
        3083,
        1033,
        3504
      ],
      [
        3047,
        1038,
        3083,
        1057,
        3504
      ],
      [
        3047,
        1038,
        3083,
        1057,
        3504
      ],
      [
        3047,
        1038,
        3083,
        1057,
        3504
      ],
      [
        3047,
        1038,
        3083,
        1057,
        1082
      ],
      [
        3047,
        1038,
        3083,
        1057,
        3041
      ],
      [
        3047,
        1038,
        3083,
        1057,
        3041
      ],
      [
        3047,
        3006,
        3083,
        1057,
        3041
      ],
      [
        3047,
        1037,
        3083,
        1057,
        3041
      ],
      [
        3047,
        1037,
        3083,
        1043,
        3041
      ],
      [
        1036,
        1037,
        3083,
        1043,
        3041
      ],
      [
        3134,
        1037,
        3083,
        1043,
        3041
      ],
      [
        3134,
        1037,
        3083,
        1043,
        3041
      ],
      [
        3134,
        3031,
        3083,
        1043,
        3041
      ],
      [
        3134,
        3031,
        3083,
        1043,
        3041
      ],
      [
        3134,
        3031,
        3083,
        1043,
        3041
      ],
      [
        3134,
        3031,
        3083,
        1043,
        3041
      ],
      [
        3134,
        3031,
        3083,
        3091,
        3041
      ],
      [
        3134,
        3031,
        3047,
        3091,
        3041
      ],
      [
        3134,
        3031,
        3047,
        3091,
        3041
      ],
      [
        3134,
        3031,
        3047,
        3091,
        3041
      ],
      [
        3134,
        3031,
        1033,
        3091,
        3041
      ],
      [
        3134,
        3031,
        3190,
        3091,
        3041
      ],
      [
        3134,
        3031,
        3190,
        3091,
        3041
      ],
      [
        3134,
        3031,
        3190,
        3091,
        3041
      ],
      [
        3134,
        3031,
        3190,
        3091,
        3041
      ],
      [
        3134,
        3031,
        3190,
        3091,
        3041
      ],
      [
        3134,
        3031,
        3190,
        3091,
        3041
      ],
      [
        1036,
        3031,
        3190,
        3091,
        3041
      ],
      [
        3133,
        3031,
        3190,
        3091,
        3041
      ],
      [
        3133,
        3031,
        3190,
        3091,
        3041
      ],
      [
        3133,
        3031,
        3190,
        3091,
        3105
      ],
      [
        3133,
        3031,
        3190,
        3091,
        3105
      ],
      [
        3133,
        3031,
        3190,
        3091,
        3105
      ],
      [
        3133,
        3031,
        3190,
        3111,
        3105
      ],
      [
        3133,
        3031,
        3190,
        3085,
        3105
      ],
      [
        3133,
        3031,
        3190,
        3085,
        3105
      ],
      [
        3133,
        1036,
        3190,
        3085,
        3105
      ],
      [
        3133,
        1036,
        3190,
        3085,
        3105
      ],
      [
        3133,
        1053,
        3190,
        3085,
        3105
      ],
      [
        3133,
        1053,
        3190,
        3085,
        3105
      ],
      [
        3133,
        1053,
        3190,
        3085,
        3105
      ],
      [
        3133,
        1053,
        3190,
        3085,
        3105
      ],
      [
        3147,
        1053,
        3190,
        3085,
        3105
      ],
      [
        3147,
        1053,
        3190,
        3085,
        3105
      ],
      [
        3147,
        1053,
        3190,
        3085,
        3105
      ],
      [
        3147,
        1053,
        3190,
        3085,
        3105
      ],
      [
        3147,
        1053,
        3190,
        3085,
        3190
      ],
      [
        3147,
        1053,
        3190,
        3085,
        3190
      ],
      [
        [],
        1053,
        3190,
        3085,
        3190
      ],
      [
        [],
        1053,
        3190,
        3085,
        3190
      ],
      [
        [],
        1053,
        3190,
        3085,
        3190
      ],
      [
        [],
        1053,
        3190,
        3085,
        3190
      ],
      [
        [],
        1053,
        3190,
        3085,
        3190
      ],
      [
        [],
        1053,
        1011,
        3085,
        3190
      ],
      [
        [],
        1053,
        [],
        3085,
        3190
      ],
      [
        [],
        1053,
        [],
        3085,
        1004
      ],
      [
        [],
        1053,
        [],
        3085,
        1004
      ],
      [
        [],
        1053,
        [],
        3085,
        []
      ],
      [
        [],
        1053,
        [],
        1033,
        []
      ],
      [
        [],
        1053,
        [],
        [],
        []
      ],
      [
        [],
        1038,
        [],
        [],
        []
      ],
      [
        [],
        1038,
        [],
        [],
        []
      ],
      [
        [],
        3072,
        [],
        [],
        []
      ],
      [
        [],
        3072,
        [],
        [],
        []
      ]
    ]
  }
]
