[
  {
    "gameId": 2691357152,
    "participants": [
      91,
      90,
      64,
      81,
      40,
      68,
      8,
      421,
      18,
      89
    ],
    "itemsTimeline": [
      [
        3134,
        1026,
        [],
        3004,
        3222
      ],
      [
        3134,
        1026,
        [],
        3004,
        3222
      ],
      [
        3134,
        1026,
        [],
        3004,
        3222
      ],
      [
        3134,
        1026,
        [],
        3158,
        3222
      ],
      [
        3134,
        1026,
        [],
        3158,
        3222
      ],
      [
        3134,
        1026,
        [],
        3042,
        3222
      ],
      [
        3134,
        1026,
        [],
        3042,
        3222
      ],
      [
        1036,
        1026,
        [],
        3042,
        3222
      ],
      [
        3142,
        1026,
        [],
        3042,
        3222
      ],
      [
        3142,
        1026,
        [],
        3042,
        3222
      ],
      [
        3142,
        1026,
        [],
        3042,
        3222
      ],
      [
        3142,
        1026,
        [],
        3042,
        3222
      ],
      [
        3142,
        1026,
        [],
        3042,
        1082
      ],
      [
        3142,
        3116,
        [],
        3042,
        1082
      ],
      [
        3142,
        3116,
        [],
        3042,
        3107
      ],
      [
        3142,
        3116,
        [],
        3042,
        3107
      ],
      [
        3142,
        3116,
        [],
        3042,
        3107
      ],
      [
        3142,
        3116,
        [],
        3042,
        3107
      ],
      [
        3142,
        3116,
        [],
        3042,
        3107
      ],
      [
        3142,
        3116,
        [],
        3042,
        3107
      ],
      [
        3142,
        3116,
        [],
        3042,
        3107
      ],
      [
        3142,
        3116,
        [],
        3042,
        3107
      ],
      [
        1036,
        3116,
        [],
        3042,
        3107
      ],
      [
        1036,
        3116,
        [],
        3078,
        3107
      ],
      [
        1036,
        3116,
        [],
        1053,
        3107
      ],
      [
        1036,
        3116,
        [],
        1036,
        3107
      ],
      [
        1036,
        3116,
        [],
        3144,
        3107
      ],
      [
        1028,
        3116,
        [],
        3144,
        3107
      ],
      [
        3134,
        3116,
        [],
        3144,
        3107
      ],
      [
        3134,
        1026,
        [],
        3144,
        3107
      ],
      [
        3134,
        1026,
        [],
        3144,
        3107
      ],
      [
        3134,
        1026,
        [],
        3144,
        3107
      ],
      [
        3134,
        [],
        [],
        3144,
        3107
      ],
      [
        3134,
        [],
        [],
        3144,
        3107
      ],
      [
        3134,
        [],
        [],
        3144,
        3107
      ],
      [
        3134,
        [],
        [],
        3144,
        3107
      ],
      [
        3134,
        [],
        [],
        1043,
        3107
      ],
      [
        3134,
        [],
        [],
        [],
        3107
      ],
      [
        3134,
        [],
        [],
        [],
        3158
      ],
      [
        3134,
        [],
        [],
        [],
        []
      ],
      [
        3134,
        [],
        [],
        [],
        []
      ],
      [
        3134,
        [],
        [],
        [],
        []
      ]
    ]
  }
]
